127.708
118.4017
141.7707
166.4686
14.3571
120.4002
1.7976931348623157E308
149.4735
131.2214
139.3668
1.7976931348623157E308
1.7976931348623157E308
1.7976931348623157E308
130.8584
120.5554
149.5993
151.0244
158.8183
125.9814
166.2634
147.6161
101.1501
13.1052
163.4093
48.2651
1.7976931348623157E308
1.7976931348623157E308
1.7976931348623157E308
1.7976931348623157E308
1.7976931348623157E308
1.7976931348623157E308
1.7976931348623157E308
114.9588
1.7976931348623157E308
152.8318
126.7728
124.4639
105.4639
